49
289
1369
2209
4489
9409
11449
16129
18769
24649
27889
38809
51529
66049
76729
94249
100489
113569
120409
134689
157609
208849
218089
237169
299209
310249
332929
344569
368449
380689
418609
458329
528529
573049
619369
635209
683929
734449
769129
786769
822649
877969
896809
935089
954529
994009
1181569
1203409
1247689
1408969
1481089
1530169
1630729
1682209
1708249
1760929
1868689
2036329
2093809
2211169
2455489
2550409
2582449
2647129
2679769
2745649
2778889
2879809
3052009
3157729
3193369
3411409
3485689
3523129
3636649
3948169
3988009
4068289
4108729
4355569
4566769
4870849
5004169
5139289
5230369
5276209
5508409
5555449
5650129
5841889
5938969
5987809
6086089
6135529
6538249
6848689
7006609
7059649
7166329
7219969
7327849
7656289
7711729
7823209
8048569
8162449
8334769
8392609
8508889
8567329
8743849
9223369
9406489
9840769
10029889
10156969
10349089
10608049
10936249
11202409
11607649
11950849
12020089
12369289
12439729
12581209
12652249
13010449
13082689
13227769
13520329
13667809
13890529
14190289
14417209
14799409
15031129
15264649
15342889
15578809
15737089
16056049
16216729
16459249
17032129
17280649
17447329
17783089
18464209
18722929
18809569
18983449
19333609
19775809
19864849
20313049
20403289
20675209
20857489
21132409
21501769
21687649
22915369
23203489
23785129
24373969
24571849
24671089
24870169
25775929
25877569
26081449
26491609
26697889
27008809
27321529
27426169
28058209
28590409
29019769
29235649
29343889
29560969
29997529
30327049
30547729
30880249
31888609
32001649
32684089
32913169
33721249
33953929
34304449
34421689
34774609
35129329
35844169
36084049
36445369
36566209
36808489
38402809
38651089
39025009
39150049
39400729
39526369
39904489
40157569
40538689
40921609
41306329
42863209
43256929
43652449
44049769
45387169
46607929
47018449
47706649
47844889
48260809
48539089
48678529
48958009
49378729
49801249
50794129
51509329
51652969
51940849
52374169
52519009
53246209
53392249
55011889
55606849
55905529
56055169
56355049
56505289
56806369
56957209
57410929
57866449
59089969
59552089
59706529
60171049
61105489
61889689
62047129
62520649
62837329
62995969
64272289
65399569
65885689
66373609
66699889
67848169
68674369
68840209
69172489
70174129
70341769
71351809
71690089
72709729
72880369
73908409
74425129
74770609
75290329
75811849
76335169
76510009
77563249
78092569
78623689
78978769
81126049
82210489
83302129
83484769
83850649
84400969
85137529
85692049
86062729
87179569
87928129
88303609
89056969
89624089
90193009
91145209
91910569
93644329
94031809
95394289
95785369
96373489
97160449
97752769
98148649
99341089
100140049
100741369
101344489
103571329
105001009
105411289
106853569
107267449
108722329
109348849
109767529
109977169
111661489
112296409
112508449
112933129
113571649
113784889
114211969
117440569
117657409
118091689
119617969
120055849
120714169
121594729
122036209
122257249
122921569
123587689
124925329
125372809
126720049
127396369
128074489
130804969
131033809
131492089
132181009
132871729
134258569
134490409
134954689
135885649
136352329
137288089
138697729
139405249
139877929
140825689
141300769
141538609
142253329
143688169
144168049
144889369
146337409
146579449
147792649
148766809
149499529
150724729
152448409
153190129
154678969
155176849
155925169
156175009
156675289
156925729
157427209
158180929
159693769
159946609
161213809
162741049
166590649
166848889
168143089
169182049
169963369
172318129
172843609
173633329
173896969
174689089
176013289
176810209
177608929
177875569
178676689
179479609
180015889
181090849
181629529
181899169
183250369
184063489
184334929
184878409
185695129
187333969
187607809
189255049
190633249
192571129
193404649
195077089
195916009
197599249
198443569
199007449
200987329
201554809
201838849
205262929
205836409
206985769
207561649
208426969
208715809
211324369
211906249
213949129
214827649
216590089
217179169
217474009
218064289
218951209
219839929
221027689
221622769
221920609
223412809
223711849
225510289
227315929
228221449
229128769
230644969
231557089
231861529
233386729
233692369
234304249
236452129
237992329
239228089
240157009
241087729
243578449
244828609
245454889
247338529
247653169
248598289
249229369
249545209
250177489
252079129
252396769
253032649
253987969
256224049
257827249
258148489
258791569
259113409
260080129
262018969
262991089
264615289
269517889
269846329
270503809
271491529
271821169
273803209
274465489
275792449
277455649
280462009
281803369
286523329
286861969
288558169
289918729
290600209
291623929
292649449
292991689
293676769
294705889
296080849
297804049
299878489
300224929
301960129
302307769
303351889
305096089
305445529
306145009
309654409
310711129
311769649
313537849
314601169
314956009
317089249
317801929
318158569
322453849
323172529
323532169
325694209
326777929
327501409
328588129
331859089
333318049
334414369
335146249
337346689
338449609
339554329
340660849
342879289
345476569
346592689
347337769
351825049
352951369
353327209
357852889
358988809
362407369
364313569
366990649
368908849
370062169
371217289
375855769
377019889
377408329
378185809
378574849
379353529
380523049
383258929
384042409
387577969
387971809
388760089
389154529
391129729
394697689
397085329
397483969
399880009
401882209
404291449
404693689
405901609
407111329
411562369
411968209
413186929
414000409
414407449
416445649
419307529
420537049
425473129
428779849
429194089
430438009
432931249
435014449
436266769
436684609
438776809
441714289
443818489
445505449
447618649
448888969
450585529
451435009
452710729
454414489
455694409
456976129
457831609
458259649
460832089
461691169
462981289
464704249
465566929
465998569
467294689
468592609
472062529
472497169
473367049
473802289
474673369
475981489
481231969
482988529
483868009
485188729
485629369
486952489
490489609
490932649
494929009
496264729
497602249
500282689
501625609
503867809
509269489
512433769
515153809
516062089
516516529
518791729
519247369
520159249
520615489
523357129
524730649
526105969
529782289
530242729
531625249
533009569
534395689
536709889
538100809
539493529
542750209
544148929
545549449
548355889
549761809
552109009
553990369
554932249
555403489
558235129
560600329
561073969
563920009
564870289
567725929
569156449
570588769
572022889
573937849
574896529
576336049
579701929
580665409
581147449
582594769
585494809
587917009
591316489
592289569
595701649
601083289
601573729
602555209
608954329
609941809
613404289
617373409
618865129
620358649
620856889
623351089
623850529
626851369
627853249
629357569
629859409
630863689
631366129
632371609
636906169
637411009
640444249
642977449
643484689
647549809
648058849
652138369
654182929
658281649
658794889
661364089
662908009
668067409
669101689
675844009
676884289
681575449
685235329
687855529
688380169
689955289
691532209
692584489
694164409
694691449
696273769
697329649
697857889
698914969
702091009
705274249
707400409
708997129
710062609
712195969
713798089
714867169
717007729
725063329
726140809
728298169
729918289
732622489
733163929
734789449
735874129
739676809
744034729
747311569
748952689
750595609
751143649
752240329
752788969
753886849
755535169
757735729
762698689
764356609
767123809
769341169
771006289
773785489
774341929
775455409
779358889
781034809
782153089
783832009
785512729
787195249
788879569
789441409
799588729
800720209
801286249
805821769
809231809
810939529
813219289
814360369
814931209
817788409
818360449
819505129
821223649
822943969
823517809
829843249
830419489
831572569
833303689
836771329
841986289
842566729
845471929
848964769
849547609
850713889
853048849
857728369
858314209
860072929
861246409
863595769
866536969
871843729
872434369
874207489
875390569
883100089
890246569
892037689
895026889
895625329
896822809
902822209
905829409
908238769
911254969
911858809
918514249
920940409
922154689
925802329
928238089
930067009
931287289
933730249
934952929
938625769
941078329
942305809
942919849
944148529
945993049
949687489
957097969
959574529
970135609
972005329
975750169
976375009
977625289
978250729
980128249
981380929
982007569
983261449
985143769
985771609
990801529
993321289
995213209
996475489
999002449
1000267129
1002165649
1002798889
1004065969
1006602529
1012321489
1014231409
1018056649
1021249849
1025728729
1027651249
1028933929
1031501689
1039224169
1040514049
1043096209
1045034929
1048270129
1054106089
1056055009
1056705049
1058656369
1061912569
1065826609
1068439969
1069747849
1070402089
1075643209
1081554769
1083528889
1086163849
1088142169
1091443369
1096073449
1105363009
1108024369
1110022489
1112022409
1114024129
1117364329
1119370849
1121379169
1125401209
1127414929
1128086569
1130102689
1131447769
1132120609
1139535049
1140210289
1142237209
1144265929
1146296449
1151719969
1153757089
1155796009
1159879249
1164652129
1166017609
1166700649
1170803089
1174227289
1176284209
1178342929
1179029569
1181090689
1187284849
1189353169
1192804369
1197644449
1201800889
1203187969
1207354009
1208049049
1211527249
1214313409
1216405129
1217800609
1226890729
1232501449
1233203689
1240941529
1243056049
1243761289
1247290489
1247996929
1253655649
1255780969
1256489809
1260747049
1262167729
1262878369
1267146409
1268570689
1272848329
1277848009
1281425209
1284290569
1288594609
1294344529
1296504049
1297224289
1298665369
1300828489
1302993409
1303715449
1305882769
1309498969
1311671089
1316020729
1318198249
1329112849
1329842089
1332031009
1334221729
1338608569
1340072449
1342269769
1345202329
1346669809
1351812289
1353283369
1357701409
1358438449
1359913129
1360650769
1365080809
1368778009
1373221249
1375445569
1376187409
1377671689
1385105089
1389574729
1391812249
1394051569
1395545449
1398535609
1402277809
1406775049
1407525289
1409026369
1409777209
1411279489
1414286449
1418049649
1422572089
1424836009
1432395409
1436182609
1436940649
1440733849
1441493089
1443012169
1443772009
1447574209
1456719889
1457483329
1459010809
1462068169
1465894369
1468192489
1468958929
1472794129
1478171809
1486642249
1487413489
1495910329
1498231849
1500555169
1501330009
1502880289
1510643689
1514532889
1519206529
1524668209
1528575409
1529357449
1533270649
1537973089
1538757529
1545826489
1549760689
1552123609
1568714449
1573470889
1578234529
1586189929
1587783409
1588580449
1590175129
1590972769
1594963969
1602961369
1606967569
1610176129
1614191329
1619016169
1622236729
1628687449
1631109769
1634342329
1639197169
1640817049
1646492929
1648116409
1650553129
1651365769
1656245809
1663579369
1668477409
1670111689
1672564609
1675019329
1682394289
1684856209
1685677249
1687319929
1690607689
1695545329
1699665529
1702140049
1710401449
1712883769
1719512089
1722831049
1730310409
1731974689
1732807129
1734472609
1737805969
1741977169
1745317729
1754520769
1755358609
1757873329
1759550809
1760389849
1765428289
1777212649
1779742969
1780586809
1783119529
1785654049
1789882249
1792421569
1797505609
1798353649
1800898969
1802596849
1803446089
1805145169
1811098249
1812800929
1820472889
1821326329
1823033809
1825596529
1826451169
1829016289
1830727369
1831583209
1843585969
1846163089
1852183369
1854766489
1859075689
1864253329
1866844849
1869438169
1883299609
1885904329
1888510849
1891119169
1893729289
1898954929
1900698409
1901570449
1903315129
1911176089
1916425729
1917301369
1924313689
1934856169
1935736009
1937496289
1938376729
1943663569
1954258849
1958682049
1959567289
1967543449
1972869889
1979983009
1980873049
1983544369
1988000569
1990676689
1993354609
1994247649
1996927969
2004979729
2006771209
2013047689
2014842769
2017536889
2018435329
2023830169
2025630049
2031935929
2036446129
2037348769
2042768809
2047291009
2052724249
2053630489
2055443569
2059072129
2063612329
2069977009
2075440249
2078174569
2085474889
2086388329
2088215809
2089129849
2091873169
2093703049
2094618289
2099197489
2100113929
2105616769
2118484729
2129545609
2133238969
2137860169
2144338249
2146190929
2147117569
2157323809
2158252849
2160111529
2162901049
2168485489
2179675969
2183412529
2185282009
2186217049
2190895249
2191831489
2196515689
2197453129
2204959849
2208718009
2210598289
2214361249
2217185569
2221896769
2222839609
2228500849
2231334169
2236060369
2237006209
2238898489
2245527769
2247423649
2248371889
2255965009
2256915049
2258815729
2271189649
2276912089
2278821169
2282641729
2284553209
2285509249
2288378569
2290292449
2296038889
2298914809
2301792529
2305632289
2319096649
2321986969
2322950809
2327773009
2336465569
2342269609
2343237649
2346142969
2350989169
2351959009
2354869729
2366530609
2369450329
2377245049
2378220289
2380171369
2383099489
2386029409
2387006449
2391894649
2395808809
2404627369
2406589249
2412479689
2416410649
2418377329
2421328849
2428222729
2430194209
2431180249
2437100689
2442039889
2447973529
2453914369
2454905209
2459862409
2462839129
2466810889
2469791809
2472774529
2474764009
2475759049
2478745369
2480737249
2487715129
2492705329
2493703969
2495701849
2504702209
2507705929
2508707569
2514721609
2517731329
2520742849
2522751529
2528782369
2537842129
2538849769
2541873889
2549947009
2552977729
2559044569
2563093129
2565118609
2571199849
2577288289
2578303729
2586434449
2587451689
2596615849
2605796209
2614992769
2617038649
2621132809
2623181089
2627280049
2630356369
2632408249
2636514409
2642679649
2644736329
2645764969
2650911169
2654001289
2660186929
2663282449
2666379769
2667412609
2679822289
2681893369
2682929209
2685001489
2686037929
2694336649
2701608529
2706808729
2709931249
2710972489
2717224129
2719309609
2722439329
2728704169
2731839289
2744397769
2751736849
2758035289
2763289489
2769601129
2773812889
2776973809
2780136529
2782246009
2783301049
2788579249
2789635489
2791748569
2802325969
2804443849
2805503089
2810802289
2813984209
2817167929
2818229569
2821415689
2824603609
2829920809
2837373289
2843768929
2849104129
2852307649
2855512969
2862999049
2865139729
2872638409
2874782689
2879073649
2885516089
2891965729
2900576449
2903808769
2904886609
2907042889
2908121329
2914596169
2919997369
2934063889
2939483089
2945992729
2947078369
2953596409
2955770689
2956858129
2963386969
2969923009
2972103289
2975375209
2978648929
2983016689
2986294609
2988480889
2995044529
2999424289
3001615369
3011485129
3014778649
3015876889
3031273249
3037883689
3038986129
3041191609
3047812849
3048917089
3062183569
3075478849
3078807169
3085469209
3098814889
3102155809
3104384089
3112189369
3114421249
3115537489
3117770569
3124474609
3127829329
3132305089
3134544169
3135664009
3145751569
3154731889
3158102809
3159226849
3162600169
3165975289
3178366129
3182877889
3185134969
3188522089
3189651529
3195301729
3203220409
3213415969
3219087169
3220222009
3222492289
3227035249
3229307929
3232718449
3237268609
3244099849
3253219369
3254360209
3257783929
3260067409
3261209449
3281800369
3288678409
3290972689
3294415609
3297860329
3301306849
3302456089
3304755169
3309355729
3312808249
3316262569
3322023769
3325482889
3328943809
3332406529
3333561169
3339337369
3346275409
3354378889
3357854809
3361332529
3367132729
3370615249
3371776489
3381073609
3388054849
3389219089
3391548169
3403205569
3406706689
3412545889
3413714329
3419559529
3426580369
3430093489
3440643649
3444163969
3448860529
3452385049
3455911369
3468856609
3470034649
3473569969
3477107089
3480646009
3490091929
3493637449
3500733889
3504284809
3505468849
3523253449
3525628129
3526815769
3529191649
3530379889
3533945809
3536324089
3539893009
3547036249
3548227489
3554186689
3555379129
3564925849
3569704009
3575681209
3586452769
3594841849
3602040289
3604441369
3609245929
3612851449
3615256129
3620067889
3626087089
3630906049
3638140489
3640553569
3647797609
3651422329
3655048849
3659887009
3663517729
3673208449
3674420689
3676845769
3678058609
3687768529
3688983169
3691413049
3707226769
3710880889
3713317969
3721854049
3724294729
3727957249
3757322209
3764681449
3772047889
3780651169
3783111049
3788033209
3797887129
3799119769
3801585649
3802818889
3805285969
3808988089
3813927049
3823814569
3834953329
3839909089
3842388169
3846108289
3849830209
3851071249
3861006769
3869710849
3880916209
3884654929
3887148409
3895881889
3902126089
3903375529
3905875009
3907125049
3918384409
3920888689
3922141129
3929659969
3947231929
3956032609
3959807329
3967362169
3977446489
3981231409
3985018129
3993860809
4000183009
4003978729
4009042489
4011575569
4012842409
4015376689
4016644129
4019179609
4028060089
4030599169
4035679729
4042034929
4043306569
4045850449
4047122689
4050940609
4053486889
4057307809
4061130529
4062405169
4077716449
4084104649
4093056529
4095616009
4096896049
4100737369
4104580489
4116120649
4119970969
4123823089
4126392169
4137962929
4168897489
4170188929
4176649129
4181820889
4188290089
4192174009
4201243489
4209025129
4215515329
4216813969
4224610009
4228510729
4244131609
4246737889
4258476049
4259781289
4262392369
4267616929
4271537449
4278075649
4282000969
4283309809
4289857009
4295098369
4297720249
4301654569
4305590689
4309528609
4310841649
4313468329
4314781969
4317409849
4318724089
4326613729
4333193929
4334510569
4338461689
4346369329
4350325849
4360885369
4362206209
4364848489
4370135449
4374102769
4400597569
4401924409
4405906129
4416532849
4417862089
4433828569
4437824689
4448489809
4461839209
4472533129
4481900809
4485918529
4496641249
4510062649
4514092969
4518125089
4522159009
4530232249
4546400329
4549097809
4553145529
4561246369
4562597209
4565299489
4566650929
4570706449
4591011049
4593721729
4597789249
4605929689
4614077329
4618153849
4619513089
4622232169
4635839569
4644013609
4652194849
4654923529
4683622969
4684991809
4689099529
4693209049
4701433489
4705548409
4717903969
4724775169
4728900289
4730275729
4746796609
4749552889
4750931329
4753688809
4770250489
4778542129
4788224809
4795147009
4796532049
4804846489
4807619569
4820108329
4824274849
4825664089
4829833009
4838176249
4854884329
4857671809
4863249169
4867434289
4875809929
4878603409
4880000449
4882795129
4899580009
4909384489
4916393689
4922004649
4924811329
4929022849
4933236169
4941668209
4945886929
4964188849
4968417169
4971237049
4975468369
4985348449
4988173129
4992411649
4993824889
4996651969
5000894089
5022131689
5023549129
5032057969
5034895849
5040574009
5061895609
5064741889
5074710169
5077560049
5081836369
5086114489
5087540929
5090394409
5096103769
5103244969
5116111729
5117542369
5126130409
5133292609
5141893849
5151937729
5156245249
5160554569
5164865689
5167740769
5172054889
5176370809
5182128169
5190770209
5195093929
5208075889
5216739529
5223964729
5225410369
5228302249
5232641569
5236982689
5251466089
5255815009
5263067209
5267420929
5273228689
5277586609
5286307849
5289216529
5295036289
5299403209
5302315489
5315430649
5319805969
5325642529
5328562009
5334403369
5347558129
5363658169
5369518729
5376848929
5385651769
5390055889
5398869529
5404749289
5409161209
5416518409
5417990449
5422407769
5435670529
5440095049
5453379409
5456333689
5457811129
5460766609
5462244649
5478516289
5479996729
5482958209
5487401929
5500743889
5502227329
5505194809
5514102049
5518558369
5520044209
5523016489
5528963449
5531938129
5551293049
5554273729
5560237489
5563220569
5564712409
5578147969
5581135849
5582630089
5587114009
5594591209
5599079929
5603570449
5608062769
5609560609
5627550289
5630551369
5650077889
5657597089
5659101529
5666626729
5671144249
5675663569
5677170409
5680184689
5681692129
5686215649
5690740969
5704327729
5708860249
5711882929
5717930689
5731549849
5740638289
5743669369
5745185209
5766427969
5770985089
5775544009
5798365609
5799888649
5807506849
5831918689
5834973769
5850261169
5853321049
5857912369
5867100409
5868632449
5877828889
5882429809
5885498089
5891637049
5894707729
5903924569
5905461409
5914686649
5931618289
5936240209
5950116769
5954745889
5965554169
5970189289
5977918489
5982558409
5987200129
5993391889
5998037809
6002685529
6010435729
6015088249
6019742569
6024398689
6029056609
6035269969
6044596009
6052373209
6063269689
6080412529
6085092049
6086652289
6105390769
6108516649
6110079889
6127288729
6131986249
6133552489
6138252409
6141386689
6150794329
6152362969
6157070089
6160209169
6161779009
6164919289
6174344929
6179060449
6193217809
6194791849
6199515169
6207391369
6208967209
6218426449
6221581129
6223158769
6237366529
6254753569
6264247609
6270580969
6294359569
6297533449
6299120689
6303883609
6308648329
6326134369
6340459129
6345237649
6350017969
6351611809
6361179049
6364369729
6370753489
6375543409
6378737689
6385128649
6394721089
6397920169
6399520009
6412325929
6417131449
6423541609
6426747889
6428351329
6433162849
6446002369
6450820489
6455640409
6462069769
6465285649
6471719809
6484597729
6486208369
6489430249
6491041489
6500713129
6505551649
6508778329
6510391969
6518463169
6520078009
6524923729
6544324609
6547560889
6563754289
6568616209
6573479929
6576723409
6586458649
6592952809
6610828249
6635242849
6645021289
6646651729
6649913209
6664599769
6666232609
6669498889
6671132329
6676033849
6679302529
6680937169
6694021489
6698931409
6713671969
6718589089
6725148049
6730069369
6734992489
6757990849
6759635089
6762924169
6767859289
6774442249
6787617769
6799156849
6804105169
6807405049
6817309489
6832179649
6843756529
6848721049
6853687369
6861968569
6863625409
6888502009
6896804209
6901787929
6908435689
6911760769
6918413329
6923404849
6926733529
6931728049
6933393289
6948389449
6956727649
6958395889
6961732969
6968409529
6971749009
6978430369
6981772249
6988458409
6991802689
7008536089
7011885169
7018585729
7031996449
7053816169
7058856289
7063898209
7067260489
7077352129
7079034769
7097557009
7107670249
7109356489
7114416409
7119478129
7124541649
7129606969
7132984849
7134674089
7173581809
7180359169
7188835369
7195619929
7200710449
7215992809
7219391089
7221090529
7229590729
7231291369
7239797569
7250011609
7265346169
7267051009
7275578209
7297772329
7301189809
7308027169
7313157289
7323422929
7326846409
7328558449
7331983129
7338834889
7347404089
7364557489
7367990569
7369707409
7398924289
7400644729
7409249929
7416137689
7419582769
7429922809
7440270049
7445446369
7447172209
7457531449
7476542089
7478271529
7497308569
7504237129
7512902329
7528512289
7540664569
7544138449
7556303329
7575439369
7587629449
7601572969
7613784049
7617274729
7624258489
7627751569
7639983649
7643480329
7659225289
7664477209
7666228249
7671482569
7690763809
7703046289
7708313209
7722367129
7724124769
7729398889
7739952529
7745232049
7750513369
7764605689
7775183329
7785768169
7801658929
7803425569
7814029609
7819334329
7840571209
7851200449
7860063649
7861836889
7876030009
7886683249
7888459489
7897343689
7902676609
7909789969
7920466009
7924026289
7931149249
7936493569
7940057449
7945404769
7961457529
7963242169
7977526489
7990035769
7995399889
8006133529
8015083729
8022247489
8027622409
8032999129
8038377649
8058114289
8063501209
8076077689
8081470609
8085066889
8095860529
8101260049
8103060289
8112064489
8119271449
8122876129
8133694969
8135498809
8139107089
8140911529
8144521009
8171617609
8173425649
8178850969
8195137729
8198759209
8211440689
8216878609
8222318329
8225945809
8242279369
8253177409
8260446769
8264082649
8265900889
8271356809
8276814529
8280454009
8298663409
8304130129
8324190169
8335142209
8347928689
8351583769
8353411609
8364382849
8386346929
8419347049
8428525249
8434034569
8439545689
8456089849
8457929089
8463448009
8478173929
8483699449
8496599329
8505819529
8507664169
8518736209
8522428489
8527968409
8529815449
8533510129
8535357769
8550146089
8557545049
8566798249
8568649489
8579761129
8583466609
8585319649
8594587849
8596442089
8600151169
8605716289
8622422449
8624279689
8635427329
8641003849
8646582169
8657744209
8663327929
8667051409
8683816969
8696868049
8702464369
8706196249
8711795569
8719264129
8724867649
8728604329
8739819169
8741689009
8752912249
8762270449
8767887769
8796001369
8803505929
8814768769
8824159969
8829797089
8835436009
8837316049
8846719249
8858009689
8874958849
8893810249
8897582929
8910793609
8916458329
8920235809
8925903529
8939135209
8948592409
8965627969
8973204529
8976994009
8982679729
8994056569
8995953409
9007338649
9030130729
9041537569
9045341449
9058661329
9073896049
9075801289
9079612369
9085330489
9087236929
9113948089
9121587049
9125407729
9138786409
9142610689
9159829849
9161744089
9165573169
9167488009
9188564449
9200070889
9205826809
9207745849
9213504169
9219264289
9234633409
9242322769
9246168649
9248091889
9280817569
9288526129
9303952849
9309741169
9311671009
9315531289
9317461729
9323254249
9329048569
9344508889
9350309809
9358047169
9361917049
9367723369
9369659209
9375467929
9379341409
9381278449
9390966649
9408418009
9410358049
9431711689
9433654129
9439482649
9443369329
9445312969
9472544929
9480332689
9484227769
9486175609
9515417209
9521270929
9527126449
9542749969
9560341729
9562297369
9574035409
9589697329
9597533089
9601452169
9607332289
9613214209
9615175249
9644614849
9648543529
9654438049
9662300209
9666232489
9668198929
9672132409
9678034129
9680001769
9683937649
9695750089
9703629049
9721368409
9727285129
9745046089
9748995169
9762823249
9768752569
9774683689
9778638769
9780616609
9786551329
9790508809
9804366289
9828144769
9851952049
9855922729
9863866489
9869826409
9873800689
9875788129
9879763609
9897663169
9899653009
9905623729
9915578929
9921554449
9933510889
9941485849
9953454289
9957445369
9963433489
9975415129
9981408649
10011403249
10041442849
10047456169
10053471289
10059488209
10071527449
10083573889
10089599809
10103667289
10107688369
10109699209
10149958009
10158019369
10170117409
10182222649
10186259329
10188277969
10192315849
10198374169
10206454729
10222625449
10224647689
10240832809
10242856849
10255005289
10259056369
10271214409
10277296129
10295552089
10297581529
10307731729
10309762369
10328047129
10350417169
10352452009
10362629209
10364665249
10370774569
10387074889
10395229849
10399308529
10401348169
10419713929
10425839449
10444226809
10448315089
10468768489
10472861569
10479002689
10485145609
10487193649
10493338969
10505635009
10515887209
10524092569
10528196449
10536406609
10540512889
10542566329
10567223209
10583677129
10602203089
10610442049
10622806489
10626929569
10645493329
10653749089
10657878169
10672336249
10682669449
10688871769
10703350849
10726123489
10728194929
10744773649
10750993969
10771741369
10782122569
10788353689
10809137089
10815376009
10825778209
10834103569
10838267449
10846597609
10859098849
10875778369
10877864209
10884122929
10888296409
10902909889
10925893729
10927984369
10940532409
10957274329
10963555849
10965650089
